# 3D Plot Data for Cf-252 Spontaneous Fission Yields at 0 (eV)
# JENDL FP Fission Yields Data File 2011 (FPY-2011)
# *) Raw Data
# [Independent]
#  Z   N   Fission Yield
  23  43   1.8736100e-17
  24  42   1.5335900e-13
  24  43   3.0973600e-14
  24  44   4.7000600e-15
  24  45   2.1287400e-16
  24  46   0.0000000e+00
  25  41   1.8465700e-11
  25  42   1.0191400e-11
  25  43   3.9151500e-12
  25  44   9.9068300e-13
  25  45   1.4934000e-13
  25  46   1.7453000e-14
  25  47   6.5206400e-16
  25  48   1.0086200e-16
  26  40   2.3208300e-10
  26  41   3.2794400e-10
  26  42   3.2189000e-10
  26  43   2.1493000e-10
  26  44   8.9503500e-11
  26  45   2.8354600e-11
  26  46   5.3372700e-12
  26  47   7.0119500e-13
  26  48   5.9736300e-14
  26  49   3.7285600e-15
  26  50   0.0000000e+00
  27  39   2.4621000e-10
  27  40   8.3045500e-10
  27  41   2.0319100e-09
  27  42   3.1482600e-09
  27  43   2.6723700e-09
  27  44   2.7950900e-09
  27  45   1.4328600e-09
  27  46   5.0957400e-10
  27  47   1.1906900e-10
  27  48   1.7352100e-11
  27  49   1.8062200e-12
  27  50   5.9211100e-14
  27  51   1.0354100e-14
  28  38   3.3803500e-11
  28  39   2.7850000e-10
  28  40   1.5135900e-09
  28  41   4.8887200e-09
  28  42   1.4732200e-08
  28  43   2.9060900e-08
  28  44   3.7839700e-08
  28  45   3.4308100e-08
  28  46   2.0988400e-08
  28  47   8.4054600e-09
  28  48   2.3813800e-09
  28  49   4.1163700e-10
  28  50   8.4750500e-11
  28  51   2.0507100e-12
  28  52   2.1190300e-13
  28  53   1.9835100e-14
  28  54   0.0000000e+00
  29  37   3.3299000e-13
  29  38   7.2450400e-12
  29  39   9.8887900e-11
  29  40   9.0613500e-10
  29  41   5.7148000e-09
  29  42   2.5932900e-08
  29  43   7.9917400e-08
  29  44   1.7154000e-07
  29  45   2.5428300e-07
  29  46   2.6134700e-07
  29  47   1.6027050e-07
  29  48   8.9806300e-08
  29  49   4.9847500e-08
  29  50   9.5436400e-09
  29  51   9.6466000e-10
  29  52   9.2309100e-11
  29  53   5.6910900e-12
  29  54   3.8893500e-13
  29  55   0.0000000e+00
  30  36   2.9580400e-16
  30  37   1.8062200e-14
  30  38   6.6093400e-13
  30  39   1.5933020e-11
  30  40   2.5932900e-10
  30  41   2.9514910e-09
  30  42   2.2401100e-08
  30  43   1.0244026e-07
  30  44   3.8546000e-07
  30  45   9.4649800e-07
  30  46   1.6548600e-06
  30  47   1.7346220e-06
  30  48   2.7446400e-06
  30  49   1.3723200e-06
  30  50   3.7940700e-07
  30  51   9.8484200e-08
  30  52   1.7154000e-08
  30  53   2.7038900e-09
  30  54   1.2916000e-10
  30  55   6.1781400e-12
  30  56   1.0595100e-13
  31  36   0.0000000e+00
  31  37   2.3096100e-16
  31  38   1.7254900e-14
  31  39   7.8403900e-13
  31  40   2.3712900e-11
  31  41   4.7829400e-10
  31  42   6.0543500e-09
  31  43   5.0957510e-08
  31  44   3.0372600e-07
  31  45   1.2310500e-06
  31  46   3.4509800e-06
  31  47   1.1432600e-05
  31  48   1.3783800e-05
  31  49   9.7172400e-06
  31  50   6.4680700e-06
  31  51   3.0372600e-06
  31  52   1.3622300e-06
  31  53   1.8667600e-07
  31  54   2.8752000e-08
  31  55   1.3420500e-09
  31  56   2.9315300e-11
  31  57   1.9598900e-12
  31  58   0.0000000e+00
  32  37   0.0000000e+00
  32  38   0.0000000e+00
  32  39   1.7922910e-14
  32  40   9.6768700e-13
  32  41   3.3006280e-11
  32  42   7.3055900e-10
  32  43   1.1483080e-08
  32  44   1.1604200e-07
  32  45   8.0522800e-07
  32  46   6.2662500e-06
  32  47   1.7507150e-05
  32  48   2.9363600e-05
  32  49   3.9773870e-05
  32  50   5.4418600e-05
  32  51   6.4509100e-05
  32  52   2.4197200e-05
  32  53   1.0746400e-05
  32  54   1.4328600e-06
  32  55   2.0380100e-07
  32  56   1.6042100e-08
  32  57   2.3628600e-10
  32  58   1.8346500e-11
  32  59   2.5791100e-12
  33  39   0.0000000e+00
  33  40   1.0595100e-14
  33  41   6.4277000e-13
  33  42   2.8152700e-11
  33  43   7.6284800e-10
  33  44   1.4126900e-08
  33  45   2.7950900e-07
  33  46   1.9172100e-06
  33  47   7.8706600e-06
  33  48   2.9030600e-05
  33  49   8.0664200e-05
  33  50   2.3412200e-04
  33  51   2.2095300e-04
  33  52   2.6188200e-04
  33  53   9.4347000e-05
  33  54   3.8132400e-05
  33  55   8.7182600e-06
  33  56   1.0996400e-06
  33  57   7.2517800e-08
  33  58   1.2002800e-08
  33  59   7.5067500e-11
  33  60   1.1166400e-11
  33  61   0.0000000e+00
  33  62   0.0000000e+00
  34  40   0.0000000e+00
  34  41   0.0000000e+00
  34  42   4.4600400e-13
  34  43   2.3188130e-11
  34  44   1.2108700e-09
  34  45   2.2501970e-08
  34  46   2.4419200e-07
  34  47   2.2623070e-06
  34  48   1.5650500e-05
  34  49   1.1226800e-04
  34  50   2.5705800e-04
  34  51   7.5681500e-04
  34  52   6.7628100e-04
  34  53   7.1716800e-04
  34  54   4.4607500e-04
  34  55   1.5454700e-04
  34  56   4.1833700e-05
  34  57   5.8809000e-06
  34  58   6.1444100e-07
  34  59   7.7628900e-08
  34  60   2.3712900e-09
  34  61   4.8587900e-11
  34  62   1.5640400e-12
  35  42   0.0000000e+00
  35  43   3.1179900e-13
  35  44   1.6003660e-11
  35  45   4.8737500e-10
  35  46   1.2108700e-08
  35  47   2.2481860e-07
  35  48   4.3288600e-06
  35  49   2.5700760e-05
  35  50   1.9396100e-04
  35  51   4.2324000e-04
  35  52   1.1096100e-03
  35  53   1.7048000e-03
  35  54   1.5134200e-03
  35  55   1.0985200e-03
  35  56   4.1726600e-04
  35  57   1.2088500e-04
  35  58   2.5461600e-05
  35  59   3.6124300e-06
  35  60   2.2612100e-07
  35  61   1.9273000e-08
  35  62   2.8879900e-10
  35  63   2.1201400e-11
  35  64   1.5051900e-11
  35  65   0.0000000e+00
  36  43   0.0000000e+00
  36  44   8.3045500e-14
  36  45   5.6951320e-12
  36  46   2.9868200e-10
  36  47   1.5953210e-08
  36  48   2.7244600e-07
  36  49   5.7314500e-06
  36  50   3.3006300e-05
  36  51   2.2578700e-04
  36  52   8.8855700e-04
  36  53   1.7527400e-03
  36  54   3.3763600e-03
  36  55   3.1896900e-03
  36  56   2.3829700e-03
  36  57   1.3070100e-03
  36  58   4.9304700e-04
  36  59   1.1079000e-04
  36  60   2.0029800e-05
  36  61   2.0077300e-06
  36  62   1.7353700e-07
  36  63   1.0464100e-07
  36  64   2.7143700e-10
  36  65   2.5009400e-11
  36  66   0.0000000e+00
  37  44   0.0000000e+00
  37  45   0.0000000e+00
  37  46   3.5216100e-12
  37  47   1.6226050e-10
  37  48   1.0796900e-08
  37  49   5.5498200e-08
  37  50   3.4106200e-06
  37  51   3.6951800e-05
  37  52   2.0183200e-04
  37  53   9.3148300e-04
  37  54   2.2558900e-03
  37  55   3.4965000e-03
  37  56   5.0707300e-03
  37  57   4.5790800e-03
  37  58   2.7057400e-03
  37  59   1.2828300e-03
  37  60   3.4701500e-04
  37  61   7.7059720e-05
  37  62   3.4321500e-05
  37  63   1.0595100e-06
  37  64   1.1639000e-07
  37  65   5.8919900e-10
  37  66   7.8336700e-11
  37  67   0.0000000e+00
  37  68   0.0000000e+00
  38  45   0.0000000e+00
  38  46   0.0000000e+00
  38  47   1.7557630e-12
  38  48   8.3146400e-11
  38  49   4.7718350e-09
  38  50   1.5135900e-07
  38  51   2.3107400e-06
  38  52   2.9656300e-05
  38  53   1.7953200e-04
  38  54   8.2172700e-04
  38  55   2.3834200e-03
  38  56   5.5217100e-03
  38  57   7.7374100e-03
  38  58   8.9567500e-03
  38  59   6.0696400e-03
  38  60   3.7421200e-03
  38  61   1.3281600e-03
  38  62   3.5507700e-04
  38  63   5.7026600e-05
  38  64   4.8227200e-06
  38  65   5.4459900e-07
  38  66   1.0897800e-08
  38  67   1.7247800e-10
  38  68   2.6806200e-11
  38  69   0.0000000e+00
  39  47   0.0000000e+00
  39  48   1.3374100e-14
  39  49   1.0070900e-11
  39  50   1.6699990e-09
  39  51   6.0644300e-08
  39  52   1.0897840e-06
  39  53   1.2482100e-05
  39  54   1.0787850e-04
  39  55   6.0098500e-04
  39  56   1.9954100e-03
  39  57   5.5001110e-03
  39  58   8.7973170e-03
  39  59   1.2978430e-02
  39  60   1.1598100e-02
  39  61   7.4866500e-03
  39  62   3.3946200e-03
  39  63   6.9618700e-04
  39  64   1.7862400e-04
  39  65   1.6568800e-05
  39  66   8.0268300e-07
  39  67   1.0595700e-07
  39  68   3.9795800e-10
  39  69   1.7750000e-11
  39  70   0.0000000e+00
  40  48   0.0000000e+00
  40  49   6.4003500e-14
  40  50   1.0595120e-11
  40  51   5.4388300e-10
  40  52   1.7658600e-08
  40  53   4.2885000e-07
  40  54   6.6698700e-06
  40  55   5.9251900e-05
  40  56   4.1880000e-04
  40  57   1.6723300e-03
  40  58   5.9271300e-03
  40  59   1.2604900e-02
  40  60   2.0747600e-02
  40  61   2.2189400e-02
  40  62   1.4591600e-02
  40  63   8.5100200e-03
  40  64   2.2636700e-03
  40  65   3.9328500e-04
  40  66   6.1123800e-05
  40  67   2.7666100e-06
  40  68   1.4528700e-07
  40  69   1.7320400e-09
  40  70   5.8626300e-11
  40  71   0.0000000e+00
  40  72   0.0000000e+00
  41  49   0.0000000e+00
  41  50   1.0179300e-14
  41  51   5.1110400e-13
  41  52   1.0241940e-10
  41  53   4.5003900e-09
  41  54   1.1362010e-07
  41  55   2.1795700e-06
  41  56   2.1886570e-05
  41  57   2.1847180e-04
  41  58   1.1764890e-03
  41  59   5.7583800e-03
  41  60   1.3149400e-02
  41  61   2.0566720e-02
  41  62   3.0885100e-02
  41  63   2.1666850e-02
  41  64   1.0085300e-02
  41  65   4.4488800e-03
  41  66   9.0742400e-04
  41  67   1.0250000e-04
  41  68   8.0606400e-06
  41  69   4.0059600e-07
  41  70   2.0593300e-09
  41  71   6.5822800e-11
  41  72   0.0000000e+00
  41  73   0.0000000e+00
  41  74   0.0000000e+00
  42  50   0.0000000e+00
  42  51   0.0000000e+00
  42  52   2.5428300e-13
  42  53   1.7961300e-11
  42  54   1.0009900e-09
  42  55   3.0372600e-08
  42  56   7.8605700e-07
  42  57   1.1543600e-05
  42  58   1.4977400e-04
  42  59   9.0090800e-04
  42  60   4.6845600e-03
  42  61   1.4810800e-02
  42  62   2.8533300e-02
  42  63   3.0467400e-02
  42  64   3.4978800e-02
  42  65   2.0255000e-02
  42  66   6.7293400e-03
  42  67   1.4972400e-03
  42  68   2.3319300e-04
  42  69   1.4316500e-05
  42  70   5.3877100e-07
  42  71   3.5594700e-09
  42  72   6.2965200e-11
  42  73   3.2516200e-13
  42  74   0.0000000e+00
  42  75   0.0000000e+00
  43  52   0.0000000e+00
  43  53   0.0000000e+00
  43  54   2.2199260e-12
  43  55   1.6447700e-10
  43  56   6.8313300e-09
  43  57   2.5529200e-07
  43  58   4.5004000e-06
  43  59   5.9353000e-05
  43  60   5.7066300e-04
  43  61   4.3460500e-03
  43  62   2.1238100e-02
  43  63   2.2129600e-02
  43  64   3.6661400e-02
  43  65   3.3621600e-02
  43  66   1.9038800e-02
  43  67   8.6289800e-03
  43  68   1.7740200e-03
  43  69   2.3125600e-04
  43  70   1.6565200e-05
  43  71   3.9050500e-07
  43  72   7.9592100e-09
  43  73   4.5912200e-12
  43  74   5.7597600e-15
  43  75   3.4756100e-16
  43  76   2.2074300e-19
  43  77   0.0000000e+00
  44  54   0.0000000e+00
  44  55   3.3601700e-13
  44  56   3.6931600e-11
  44  57   1.9172100e-09
  44  58   7.6789400e-08
  44  59   1.6715610e-06
  44  60   3.1694500e-05
  44  61   6.8914700e-04
  44  62   2.1004400e-03
  44  63   8.7948100e-03
  44  64   2.0011100e-02
  44  65   3.0146000e-02
  44  66   3.6561600e-02
  44  67   2.2795800e-02
  44  68   9.4706300e-03
  44  69   1.7908310e-03
  44  70   1.9210400e-04
  44  71   1.1888800e-05
  44  72   2.3107400e-07
  44  73   3.7436000e-09
  44  74   2.2804700e-10
  44  75   4.5104900e-13
  44  76   0.0000000e+00
  44  77   0.0000000e+00
  44  78   0.0000000e+00
  44  79   0.0000000e+00
  44  80   3.5417900e-11
  45  55   0.0000000e+00
  45  56   2.9578700e-14
  45  57   5.6103700e-12
  45  58   1.0998730e-10
  45  59   2.1402130e-08
  45  60   6.4145900e-07
  45  61   1.1947250e-05
  45  62   1.5985500e-04
  45  63   1.1564830e-03
  45  64   9.1355600e-03
  45  65   1.3584790e-02
  45  66   2.4786700e-02
  45  67   2.0884972e-02
  45  68   1.9648500e-02
  45  69   5.5666100e-03
  45  70   1.7276000e-03
  45  71   1.9361630e-04
  45  72   2.1725100e-05
  45  73   3.5720700e-06
  45  74   5.1562900e-08
  45  75   3.9756900e-11
  45  76   0.0000000e+00
  45  77   0.0000000e+00
  45  78   1.4530400e-14
  45  79   1.4429500e-08
  45  80   2.7700600e-10
  45  81   0.0000000e+00
  45  82   0.0000000e+00
  45  83   0.0000000e+00
  46  56   0.0000000e+00
  46  57   0.0000000e+00
  46  58   1.2108700e-12
  46  59   1.0796900e-10
  46  60   6.2763400e-09
  46  61   2.6548380e-07
  46  62   6.1350800e-06
  46  63   8.1683300e-05
  46  64   6.1050100e-04
  46  65   2.9401200e-03
  46  66   7.5179100e-03
  46  67   1.9417590e-02
  46  68   1.8330600e-02
  46  69   1.3655220e-02
  46  70   8.2595100e-03
  46  71   2.3680620e-03
  46  72   1.2787700e-03
  46  73   8.5699400e-05
  46  74   4.0866900e-06
  46  75   8.1834700e-09
  46  76   3.3500800e-12
  46  77   1.7961300e-08
  46  78   1.4328600e-06
  46  79   4.5433400e-08
  46  80   6.1149000e-14
  46  81   0.0000000e+00
  46  82   0.0000000e+00
  46  83   0.0000000e+00
  46  84   0.0000000e+00
  46  85   0.0000000e+00
  47  58   0.0000000e+00
  47  59   1.8304300e-13
  47  60   2.6205200e-11
  47  61   1.9172160e-09
  47  62   7.7697500e-08
  47  63   1.8001590e-06
  47  64   3.5135410e-05
  47  65   3.6339200e-04
  47  66   2.2704620e-03
  47  67   5.1138070e-03
  47  68   9.8525100e-03
  47  69   1.2054825e-02
  47  70   1.0247540e-02
  47  71   5.9649000e-03
  47  72   1.7398040e-03
  47  73   8.0181800e-04
  47  74   1.9133700e-04
  47  75   4.7183590e-05
  47  76   3.3692500e-05
  47  77   2.4378900e-05
  47  78   2.0483900e-06
  47  79   1.9979400e-09
  47  80   0.0000000e+00
  47  81   0.0000000e+00
  47  82   6.8147500e-15
  47  83   1.2411400e-12
  47  84   2.0236100e-14
  47  85   5.0213400e-15
  47  86   0.0000000e+00
  48  60   4.9141200e-14
  48  61   6.0644400e-12
  48  62   4.5811300e-10
  48  63   3.2239430e-08
  48  64   1.0090600e-06
  48  65   2.4187080e-05
  48  66   1.9937000e-04
  48  67   5.3777800e-04
  48  68   9.9153100e-04
  48  69   1.9211230e-03
  48  70   2.7459100e-03
  48  71   1.7975960e-03
  48  72   1.5742400e-03
  48  73   9.8743600e-04
  48  74   8.4198900e-04
  48  75   2.8613750e-04
  48  76   1.1141000e-04
  48  77   2.2492990e-05
  48  78   2.3511100e-06
  48  79   9.9190400e-11
  48  80   3.3803500e-11
  48  81   8.4458100e-09
  48  82   8.9099900e-08
  48  83   6.7404900e-09
  48  84   7.1239000e-10
  48  85   1.7712700e-10
  48  86   3.8344300e-11
  48  87   0.0000000e+00
  48  88   0.0000000e+00
  49  61   0.0000000e+00
  49  62   1.0911200e-12
  49  63   1.8939980e-10
  49  64   1.5458750e-08
  49  65   3.4101110e-07
  49  66   1.1846340e-06
  49  67   2.5024680e-06
  49  68   8.5164500e-06
  49  69   3.5549160e-05
  49  70   4.1916370e-05
  49  71   3.1119260e-05
  49  72   7.1037800e-06
  49  73   3.3904320e-06
  49  74   4.1593470e-05
  49  75   9.5507400e-05
  49  76   7.3822800e-05
  49  77   8.0563300e-05
  49  78   4.9510410e-05
  49  79   3.3460400e-05
  49  80   1.0047680e-04
  49  81   1.0267000e-04
  49  82   2.7387170e-05
  49  83   5.1865600e-06
  49  84   1.9674900e-06
  49  85   2.6134700e-07
  49  86   1.7966500e-09
  49  87   1.4429500e-10
  49  88   3.5410600e-12
  49  89   0.0000000e+00
  50  63   8.2843800e-13
  50  64   4.8737500e-11
  50  65   1.3521400e-10
  50  66   1.9273000e-10
  50  67   8.4862000e-10
  50  68   1.1705100e-08
  50  69   1.8859270e-08
  50  70   2.2300200e-09
  50  71   2.1876380e-12
  50  72   0.0000000e+00
  50  73   2.9403970e-08
  50  74   2.2885400e-05
  50  75   6.3389100e-05
  50  76   1.7811900e-04
  50  77   9.9054300e-04
  50  78   1.7656920e-03
  50  79   4.0992400e-03
  50  80   3.6526200e-03
  50  81   2.9831960e-03
  50  82   1.3894900e-03
  50  83   6.3175100e-04
  50  84   1.5224700e-04
  50  85   1.2490300e-05
  50  86   8.7485400e-07
  50  87   2.4617500e-08
  50  88   6.7203300e-10
  50  89   2.2328000e-11
  50  90   0.0000000e+00
  51  65   0.0000000e+00
  51  66   0.0000000e+00
  51  67   5.3782800e-14
  51  68   8.0724700e-14
  51  69   0.0000000e+00
  51  70   0.0000000e+00
  51  71   0.0000000e+00
  51  72   3.1987200e-14
  51  73   9.8282500e-07
  51  74   1.1422500e-05
  51  75   1.8324510e-05
  51  76   2.7083100e-05
  51  77   1.5184320e-04
  51  78   1.3697300e-03
  51  79   4.4825100e-03
  51  80   1.0035400e-02
  51  81   1.2275990e-02
  51  82   1.0658600e-02
  51  83   5.6337800e-03
  51  84   1.4707800e-03
  51  85   3.0454400e-04
  51  86   2.5226500e-05
  51  87   2.0483900e-06
  51  88   1.0391000e-07
  51  89   1.0452700e-09
  51  90   1.2209300e-10
  51  91   4.2772400e-12
  51  92   0.0000000e+00
  52  67   0.0000000e+00
  52  68   0.0000000e+00
  52  69   0.0000000e+00
  52  70   0.0000000e+00
  52  71   0.0000000e+00
  52  72   1.0696000e-08
  52  73   6.1956100e-07
  52  74   1.0696000e-07
  52  75   2.1331520e-11
  52  76   1.5236800e-09
  52  77   6.2662600e-06
  52  78   3.1008300e-04
  52  79   3.0840040e-03
  52  80   7.8377300e-03
  52  81   1.8248670e-02
  52  82   2.3729600e-02
  52  83   1.8002400e-02
  52  84   9.2011000e-03
  52  85   2.3554800e-03
  52  86   5.4619300e-04
  52  87   8.2914300e-05
  52  88   8.5557700e-06
  52  89   8.4879600e-07
  52  90   3.5010100e-08
  52  91   1.8448200e-10
  52  92   5.1085600e-11
  52  93   0.0000000e+00
  53  69   0.0000000e+00
  53  70   0.0000000e+00
  53  71   2.2944500e-11
  53  72   6.5891600e-09
  53  73   1.6245900e-11
  53  74   0.0000000e+00
  53  75   0.0000000e+00
  53  76   4.1169600e-11
  53  77   4.8434800e-07
  53  78   1.4247900e-05
  53  79   2.1259810e-04
  53  80   2.2144760e-03
  53  81   9.2212000e-03
  53  82   1.8692200e-02
  53  83   2.3118120e-02
  53  84   1.5868100e-02
  53  85   1.0135300e-02
  53  86   4.1340400e-03
  53  87   1.1744800e-03
  53  88   2.7839800e-04
  53  89   3.7819600e-05
  53  90   8.5854500e-07
  53  91   2.0192600e-07
  53  92   1.6196000e-09
  53  93   8.0121300e-11
  53  94   2.7881500e-11
  53  95   0.0000000e+00
  54  71   1.9676610e-11
  54  72   0.0000000e+00
  54  73   0.0000000e+00
  54  74   0.0000000e+00
  54  75   0.0000000e+00
  54  76   1.8667600e-11
  54  77   2.3591800e-09
  54  78   1.9141370e-07
  54  79   2.3248680e-05
  54  80   3.7490600e-04
  54  81   4.1514100e-03
  54  82   8.2343700e-03
  54  83   2.6159200e-02
  54  84   3.6676600e-02
  54  85   3.5268300e-02
  54  86   2.5766100e-02
  54  87   1.0108700e-02
  54  88   3.7136600e-03
  54  89   4.2065500e-04
  54  90   1.1648600e-04
  54  91   1.1259500e-05
  54  92   6.5580800e-07
  54  93   1.9383300e-07
  54  94   4.3389500e-10
  54  95   1.7855000e-11
  54  96   3.3399900e-14
  55  73   0.0000000e+00
  55  74   0.0000000e+00
  55  75   0.0000000e+00
  55  76   0.0000000e+00
  55  77   6.7102400e-12
  55  78   1.1503300e-08
  55  79   1.0998730e-06
  55  80   2.0887440e-05
  55  81   2.9442200e-04
  55  82   6.9880600e-03
  55  83   8.8193700e-03
  55  84   1.8426900e-02
  55  85   2.7955200e-02
  55  86   3.8278500e-02
  55  87   2.5569600e-02
  55  88   7.4932400e-03
  55  89   5.5351600e-03
  55  90   1.5069900e-03
  55  91   2.6021700e-04
  55  92   6.3575600e-05
  55  93   1.5539500e-06
  55  94   8.3094300e-08
  55  95   1.1604200e-09
  55  96   2.7075500e-11
  55  97   0.0000000e+00
  56  75   0.0000000e+00
  56  76   0.0000000e+00
  56  77   1.9725000e-14
  56  78   2.8152700e-10
  56  79   1.9474830e-08
  56  80   8.8494400e-07
  56  81   1.2905860e-05
  56  82   1.3003800e-04
  56  83   1.4588600e-03
  56  84   5.2071600e-03
  56  85   1.1198900e-02
  56  86   2.7199600e-02
  56  87   4.4349200e-02
  56  88   3.4042400e-02
  56  89   2.0776600e-02
  56  90   9.8974200e-03
  56  91   2.4602200e-03
  56  92   4.8401500e-04
  56  93   4.0713100e-05
  56  94   3.2996200e-06
  56  95   1.8822900e-07
  56  96   3.8041600e-09
  56  97   5.6145100e-11
  56  98   4.4095900e-13
  57  76   0.0000000e+00
  57  77   0.0000000e+00
  57  78   9.5053300e-13
  57  79   0.0000000e+00
  57  80   5.8525500e-09
  57  81   1.7456800e-07
  57  82   4.1068700e-06
  57  83   5.0765700e-05
  57  84   3.7524900e-04
  57  85   4.1758100e-03
  57  86   1.0631800e-02
  57  87   1.8782300e-02
  57  88   2.5309400e-02
  57  89   2.4114470e-02
  57  90   1.9565600e-02
  57  91   9.9503800e-03
  57  92   2.3637000e-03
  57  93   5.5559800e-04
  57  94   6.1737700e-05
  57  95   5.6406400e-06
  57  96   2.6129000e-07
  57  97   6.2359900e-09
  57  98   7.8367700e-11
  57  99   3.6116200e-12
  57 100   0.0000000e+00
  58  77   0.0000000e+00
  58  78   0.0000000e+00
  58  79   1.8884700e-14
  58  80   1.7771500e-12
  58  81   1.4479930e-09
  58  82   5.1764700e-08
  58  83   1.0897800e-06
  58  84   1.5791800e-05
  58  85   1.6595000e-04
  58  86   1.0205600e-03
  58  87   3.4971300e-03
  58  88   1.0191300e-02
  58  89   1.9264600e-02
  58  90   2.3762800e-02
  58  91   1.5099600e-02
  58  92   9.4942700e-03
  58  93   2.4343630e-03
  58  94   7.5134500e-04
  58  95   1.0273200e-04
  58  96   7.3964000e-06
  58  97   5.4481400e-07
  58  98   2.9561800e-08
  58  99   5.9534400e-10
  58 100   8.8292600e-12
  58 101   4.1837900e-13
  58 102   0.0000000e+00
  59  79   0.0000000e+00
  59  80   2.8051800e-14
  59  81   2.9666400e-12
  59  82   1.7557700e-10
  59  83   7.5578600e-09
  59  84   2.2905600e-07
  59  85   3.8344160e-06
  59  86   4.2844600e-05
  59  87   3.1025500e-04
  59  88   1.8254400e-03
  59  89   5.4566600e-03
  59  90   9.3711200e-03
  59  91   1.3137700e-02
  59  92   1.0790300e-02
  59  93   7.0248100e-03
  59  94   2.6290400e-03
  59  95   5.3745500e-04
  59  96   1.1573900e-04
  59  97   1.8334600e-05
  59  98   1.0897800e-06
  59  99   4.8636600e-08
  59 100   1.9470700e-09
  59 101   4.5912200e-11
  59 102   1.0608700e-12
  59 103   0.0000000e+00
  60  81   0.0000000e+00
  60  82   2.9969100e-13
  60  83   2.5630100e-11
  60  84   1.2815100e-09
  60  85   4.3793100e-08
  60  86   9.2934300e-07
  60  87   1.4480000e-05
  60  88   1.3377100e-04
  60  89   5.8548700e-04
  60  90   1.4629100e-03
  60  91   5.6544100e-03
  60  92   8.3553000e-03
  60  93   8.0610500e-03
  60  94   4.2256700e-03
  60  95   2.4544200e-03
  60  96   1.0621600e-03
  60  97   1.7858400e-04
  60  98   2.2966100e-05
  60  99   2.5630100e-06
  60 100   1.7557700e-07
  60 101   7.3751600e-09
  60 102   1.8970300e-10
  60 103   3.0776300e-12
  60 104   3.6830700e-14
  61  83   2.3511100e-14
  61  84   2.4419200e-12
  61  85   1.6044000e-10
  61  86   7.4872100e-09
  61  87   2.1038810e-07
  61  88   2.8859100e-06
  61  89   1.9404200e-05
  61  90   2.1655400e-04
  61  91   1.2225170e-03
  61  92   2.1870200e-03
  61  93   5.5736760e-03
  61  94   4.4445100e-03
  61  95   4.6244300e-03
  61  96   2.0166600e-03
  61  97   6.9769400e-04
  61  98   2.0589900e-04
  61  99   3.9333100e-05
  61 100   4.4499500e-06
  61 101   3.1280800e-07
  61 102   1.4429500e-08
  61 103   4.8132100e-10
  61 104   9.7273300e-12
  61 105   1.5900900e-13
  62  84   0.0000000e+00
  62  85   3.3097100e-13
  62  86   2.8152700e-11
  62  87   1.2108700e-09
  62  88   4.2279600e-08
  62  89   8.6375500e-07
  62  90   1.3329700e-05
  62  91   5.5214480e-05
  62  92   4.2256400e-04
  62  93   9.6809100e-04
  62  94   1.0227600e-03
  62  95   2.8730300e-03
  62  96   2.4676600e-03
  62  97   1.7763200e-03
  62  98   8.7534800e-04
  62  99   2.5162900e-04
  62 100   4.6144300e-05
  62 101   5.8323600e-06
  62 102   5.2672900e-07
  62 103   3.0070000e-08
  62 104   1.3015300e-09
  62 105   3.0570100e-11
  62 106   4.6719400e-13
  63  86   2.7749100e-14
  63  87   0.0000000e+00
  63  88   1.9071200e-10
  63  89   8.7788140e-09
  63  90   1.3925100e-07
  63  91   2.6033800e-06
  63  92   1.7406300e-05
  63  93   1.0011900e-04
  63  94   3.5278700e-04
  63  95   1.4939000e-03
  63  96   1.3225200e-03
  63  97   1.5844600e-03
  63  98   1.0707500e-03
  63  99   4.7409600e-04
  63 100   1.5294300e-04
  63 101   3.5498700e-05
  63 102   5.4791800e-06
  63 103   6.3570700e-07
  63 104   4.0866900e-08
  63 105   1.7658600e-09
  63 106   3.2484700e-11
  63 107   9.8685900e-13
  64  87   0.0000000e+00
  64  88   4.8132100e-13
  64  89   2.3712900e-11
  64  90   1.3723200e-09
  64  91   2.1792790e-08
  64  92   4.8031200e-07
  64  93   4.7324800e-06
  64  94   5.6315600e-05
  64  95   1.2508300e-04
  64  96   3.7781200e-04
  64  97   6.0015800e-04
  64  98   6.1598000e-04
  64  99   4.7271300e-04
  64 100   2.6036800e-04
  64 101   1.0052200e-04
  64 102   2.9454500e-05
  64 103   4.9141200e-06
  64 104   5.7920000e-07
  64 105   2.8859100e-08
  64 106   2.4621000e-09
  64 107   9.1306700e-11
  64 108   2.1893900e-12
  65  89   0.0000000e+00
  65  90   2.4520100e-12
  65  91   1.6770288e-10
  65  92   3.8546000e-09
  65  93   1.0937348e-07
  65  94   8.1532000e-07
  65  95   6.7909600e-06
  65  96   2.7395900e-05
  65  97   6.9181000e-05
  65  98   1.2963400e-04
  65  99   1.6659600e-04
  65 100   1.5231700e-04
  65 101   1.0449800e-04
  65 102   4.1795300e-05
  65 103   1.2502200e-05
  65 104   1.5842200e-06
  65 105   3.6527900e-07
  65 106   3.6225200e-08
  65 107   2.3712900e-09
  66  91   2.2523000e-14
  66  92   2.7749100e-11
  66  93   4.7627600e-10
  66  94   1.1402300e-08
  66  95   1.2411400e-07
  66  96   8.3146400e-07
  66  97   4.1270500e-06
  66  98   1.3299400e-05
  66  99   3.0251550e-05
  66 100   4.9010000e-05
  66 101   4.5508600e-05
  66 102   3.2310100e-05
  66 103   9.6869700e-06
  66 104   5.5397300e-06
  66 105   1.3824100e-06
  66 106   2.3208300e-07
  67  93   0.0000000e+00
  67  94   3.3046710e-11
  67  95   6.0846200e-10
  67  96   8.4357300e-09
  67  97   7.2753200e-08
  67  98   4.4499500e-07
  67  99   2.0181190e-06
  67 100   4.2380500e-06
  67 101   5.8417600e-06
  67 102   5.1865600e-06
  67 103   7.0230400e-06
  67 104   4.0766000e-06
  67 105   1.6447700e-06
  68  95   1.4732200e-12
  68  96   3.5317000e-11
  68  97   6.0745300e-10
  68  98   7.4569500e-09
  68  99   4.1633790e-08
  68 100   1.9373900e-07
  68 101   3.4207100e-07
  68 102   1.1604200e-06
  68 103   1.6044000e-06
  68 104   1.4934000e-06
  69  97   2.0448000e-13
  69  98   2.4621000e-11
  69  99   3.1987200e-10
  69 100   1.6044000e-09
  69 101   1.4026000e-08
  69 102   4.9544800e-08
  69 103   1.1604200e-07
  70  98   4.5205900e-14
  70  99   6.2874400e-13
  70 100   1.5438600e-11
  70 101   1.3359683e-10
  70 102   9.2429800e-10
  71 101   4.4196800e-13
